2 0
3 0
4 0
5 0
6 0
7 0
8 0
9 0
10 0
11 0
12 0
13 0
14 0
15 0
16 0
17 0
18 0
19 0
20 0
21 0
22 0
23 0
24 0
25 0
26 0
27 0
28 0
29 0
30 0
31 0
32 0
33 0
34 0
35 0
36 0
37 0
38 0
39 0
0 1
0 2
2 2
3 2
6 2
7 2
8 2
11 2
12 2
13 2
14 2
17 2
18 2
19 2
20 2
21 2
22 2
23 2
26 2
27 2
28 2
29 2
32 2
33 2
34 2
37 2
38 2
0 3
2 3
3 3
6 3
7 3
8 3
11 3
12 3
13 3
14 3
17 3
18 3
19 3
20 3
21 3
22 3
23 3
26 3
27 3
28 3
29 3
32 3
33 3
34 3
37 3
38 3
0 4
2 4
3 4
37 4
38 4
0 5
2 5
3 5
6 5
9 5
10 5
11 5
12 5
13 5
14 5
15 5
16 5
17 5
18 5
19 5
20 5
21 5
22 5
23 5
24 5
25 5
26 5
27 5
28 5
29 5
30 5
31 5
34 5
37 5
38 5
0 6
2 6
3 6
6 6
34 6
37 6
38 6
0 7
2 7
3 7
6 7
8 7
11 7
12 7
13 7
14 7
15 7
16 7
17 7
18 7
19 7
20 7
21 7
22 7
23 7
24 7
25 7
26 7
27 7
28 7
29 7
30 7
32 7
34 7
37 7
38 7
0 8
2 8
3 8
6 8
8 8
32 8
34 8
37 8
38 8
0 9
2 9
3 9
6 9
8 9
11 9
12 9
13 9
14 9
15 9
16 9
17 9
18 9
19 9
20 9
21 9
22 9
23 9
24 9
25 9
26 9
27 9
28 9
29 9
30 9
32 9
34 9
37 9
38 9
0 10
2 10
3 10
6 10
8 10
32 10
34 10
37 10
38 10
0 11
2 11
3 11
6 11
8 11
14 11
15 11
16 11
17 11
18 11
19 11
20 11
21 11
22 11
23 11
24 11
25 11
26 11
27 11
32 11
34 11
37 11
38 11
0 12
2 12
3 12
6 12
8 12
32 12
34 12
37 12
38 12
0 13
2 13
3 13
6 13
8 13
11 13
12 13
13 13
14 13
15 13
16 13
17 13
18 13
19 13
20 13
21 13
22 13
23 13
24 13
25 13
26 13
27 13
28 13
29 13
30 13
32 13
34 13
37 13
38 13
0 14
2 14
3 14
6 14
34 14
37 14
38 14
0 15
2 15
3 15
6 15
11 15
12 15
13 15
14 15
15 15
16 15
17 15
18 15
19 15
20 15
21 15
22 15
23 15
24 15
25 15
26 15
27 15
28 15
29 15
30 15
34 15
37 15
38 15
0 16
2 16
3 16
37 16
38 16
0 17
2 17
3 17
6 17
7 17
8 17
11 17
12 17
13 17
14 17
17 17
18 17
19 17
20 17
21 17
22 17
23 17
24 17
27 17
28 17
29 17
32 17
33 17
34 17
37 17
38 17
0 18
2 18
3 18
6 18
7 18
8 18
11 18
12 18
13 18
14 18
17 18
18 18
19 18
20 18
21 18
22 18
23 18
24 18
27 18
28 18
29 18
32 18
33 18
34 18
37 18
38 18
0 19
